[3 149 1 1 0 0 0 0 193 2 69 1 0 0 0 0 0 0 0 0 0 0 0 0 0 0 0 0 0 201 0 0 80 76 80 0 0 0 0 0 0 0 0 67 1 0 0 0 8 0 0 0 0 0 0 0 0 0 0 0 0 0 0 0 68 84 95 66 65 78 75 0 0 0 0 68 9 0 0 0 8 0 0 0 0 0 0 0 0 0 0 0 0 0 0 0 73 68 95 68 66 0 0 0 0 0 0 67 17 0 0 0 10 0 0 0 0 0 0 0 0 0 0 0 0 0 0 0 76 83 72 0 0 0 0 0 0 0 0 67 27 0 0 0 24 0 0 0 0 0 0 0 0 0 0 0 0 0 0 0 80 82 73 78 84 95 83 85 77 0 0 67 51 0 0 0 13 0 0 0 0 0 0 0 0 0 0 0 0 0 0 0 68 65 84 65 0 0 0 0 0 0 0 68 64 0 0 0 8 0 0 0 0 0 0 0 0 0 0 0 0 0 0 0 84 73 77 69 95 79 80 76 0 0 0 67 72 0 0 0 10 0 0 0 0 0 0 0 0 0 0 0 0 0 0 0 83 85 77 77 65 0 0 0 0 0 0 78 82 0 0 0 20 2 0 0 0 0 0 0 0 0 0 0 0 0 0 0 70 73 79 0 0 0 0 0 0 0 0 67 102 0 0 0 50 0 0 0 0 0 0 0 0 0 0 0 0 0 0 0 65 68 82 69 83 0 0 0 0 0 0 67 152 0 0 0 60 0 0 0 0 0 0 0 0 0 0 0 0 0 0 0 72 86 0 0 0 0 0 0 0 0 0 78 212 0 0 0 12 4 0 0 0 0 0 0 0 0 0 0 0 0 0 0 71 86 0 0 0 0 0 0 0 0 0 78 224 0 0 0 12 4 0 0 0 0 0 0 0 0 0 0 0 0 0 0 76 73 86 0 0 0 0 0 0 0 0 78 236 0 0 0 10 0 0 0 0 0 0 0 0 0 0 0 0 0 0 0 79 84 0 0 0 0 0 0 0 0 0 78 246 0 0 0 12 4 0 0 0 0 0 0 0 0 0 0 0 0 0 0 79 84 95 75 85 66 0 0 0 0 0 78 2 1 0 0 12 3 0 0 0 0 0 0 0 0 0 0 0 0 0 0 79 84 95 86 82 69 77 0 0 0 0 78 14 1 0 0 12 0 0 0 0 0 0 0 0 0 0 0 0 0 0 0 80 69 78 89 0 0 0 0 0 0 0 78 26 1 0 0 12 2 0 0 0 0 0 0 0 0 0 0 0 0 0 0 82 69 71 78 79 0 0 0 0 0 0 67 38 1 0 0 10 0 0 0 0 0 0 0 0 0 0 0 0 0 0 0 67 72 69 81 85 69 0 0 0 0 0 67 48 1 0 0 10 0 0 0 0 0 0 0 0 0 0 0 0 0 0 0 70 69 69 80 82 67 0 0 0 0 0 67 58 1 0 0 10 0 0 0 0 0 0 0 0 0 0 0 0 0 0 0 77 65 78 85 65 76 0 0 0 0 0 67 68 1 0 0 1 0 0 0 0 0 0 0 0 0 0 0 0 0 0 0 13]
[{name:PLP fieldType:67 length:8 decimalPlaces:0 fieldStore:[80 76 80 0 0 0 0 0 0 0 0 67 0 0 0 0 8 0 0 0 0 0 0 0 0 0 0 0 0 0 0 0]} {name:DT_BANK fieldType:68 length:8 decimalPlaces:0 fieldStore:[68 84 95 66 65 78 75 0 0 0 0 68 0 0 0 0 8 0 0 0 0 0 0 0 0 0 0 0 0 0 0 0]} {name:ID_DB fieldType:67 length:10 decimalPlaces:0 fieldStore:[73 68 95 68 66 0 0 0 0 0 0 67 0 0 0 0 10 0 0 0 0 0 0 0 0 0 0 0 0 0 0 0]} {name:LSH fieldType:67 length:24 decimalPlaces:0 fieldStore:[76 83 72 0 0 0 0 0 0 0 0 67 0 0 0 0 24 0 0 0 0 0 0 0 0 0 0 0 0 0 0 0]} {name:PRINT_SUM fieldType:67 length:13 decimalPlaces:0 fieldStore:[80 82 73 78 84 95 83 85 77 0 0 67 0 0 0 0 13 0 0 0 0 0 0 0 0 0 0 0 0 0 0 0]} {name:DATA fieldType:68 length:8 decimalPlaces:0 fieldStore:[68 65 84 65 0 0 0 0 0 0 0 68 0 0 0 0 8 0 0 0 0 0 0 0 0 0 0 0 0 0 0 0]} {name:TIME_OPL fieldType:67 length:10 decimalPlaces:0 fieldStore:[84 73 77 69 95 79 80 76 0 0 0 67 0 0 0 0 10 0 0 0 0 0 0 0 0 0 0 0 0 0 0 0]} {name:SUMMA fieldType:78 length:20 decimalPlaces:2 fieldStore:[83 85 77 77 65 0 0 0 0 0 0 78 0 0 0 0 20 2 0 0 0 0 0 0 0 0 0 0 0 0 0 0]} {name:FIO fieldType:67 length:50 decimalPlaces:0 fieldStore:[70 73 79 0 0 0 0 0 0 0 0 67 0 0 0 0 50 0 0 0 0 0 0 0 0 0 0 0 0 0 0 0]} {name:ADRES fieldType:67 length:60 decimalPlaces:0 fieldStore:[65 68 82 69 83 0 0 0 0 0 0 67 0 0 0 0 60 0 0 0 0 0 0 0 0 0 0 0 0 0 0 0]} {name:HV fieldType:78 length:12 decimalPlaces:4 fieldStore:[72 86 0 0 0 0 0 0 0 0 0 78 0 0 0 0 12 4 0 0 0 0 0 0 0 0 0 0 0 0 0 0]} {name:GV fieldType:78 length:12 decimalPlaces:4 fieldStore:[71 86 0 0 0 0 0 0 0 0 0 78 0 0 0 0 12 4 0 0 0 0 0 0 0 0 0 0 0 0 0 0]} {name:LIV fieldType:78 length:10 decimalPlaces:0 fieldStore:[76 73 86 0 0 0 0 0 0 0 0 78 0 0 0 0 10 0 0 0 0 0 0 0 0 0 0 0 0 0 0 0]} {name:OT fieldType:78 length:12 decimalPlaces:4 fieldStore:[79 84 0 0 0 0 0 0 0 0 0 78 0 0 0 0 12 4 0 0 0 0 0 0 0 0 0 0 0 0 0 0]} {name:OT_KUB fieldType:78 length:12 decimalPlaces:3 fieldStore:[79 84 95 75 85 66 0 0 0 0 0 78 0 0 0 0 12 3 0 0 0 0 0 0 0 0 0 0 0 0 0 0]} {name:OT_VREM fieldType:78 length:12 decimalPlaces:0 fieldStore:[79 84 95 86 82 69 77 0 0 0 0 78 0 0 0 0 12 0 0 0 0 0 0 0 0 0 0 0 0 0 0 0]} {name:PENY fieldType:78 length:12 decimalPlaces:2 fieldStore:[80 69 78 89 0 0 0 0 0 0 0 78 0 0 0 0 12 2 0 0 0 0 0 0 0 0 0 0 0 0 0 0]} {name:REGNO fieldType:67 length:10 decimalPlaces:0 fieldStore:[82 69 71 78 79 0 0 0 0 0 0 67 0 0 0 0 10 0 0 0 0 0 0 0 0 0 0 0 0 0 0 0]} {name:CHEQUE fieldType:67 length:10 decimalPlaces:0 fieldStore:[67 72 69 81 85 69 0 0 0 0 0 67 0 0 0 0 10 0 0 0 0 0 0 0 0 0 0 0 0 0 0 0]} {name:FEEPRC fieldType:67 length:10 decimalPlaces:0 fieldStore:[70 69 69 80 82 67 0 0 0 0 0 67 0 0 0 0 10 0 0 0 0 0 0 0 0 0 0 0 0 0 0 0]} {name:MANUAL fieldType:67 length:1 decimalPlaces:0 fieldStore:[77 65 78 85 65 76 0 0 0 0 0 67 0 0 0 0 1 0 0 0 0 0 0 0 0 0 0 0 0 0 0 0]}]
PLP;DT_BANK;ID_DB;LSH;PRINT_SUM;DATA;TIME_OPL;SUMMA;FIO;ADRES;HV;GV;LIV;OT;OT_KUB;OT_VREM;PENY;REGNO;CHEQUE;FEEPRC;MANUAL
118156;20191017;398048;0014605;0919;20191015;14:04:32;47.24;;;0.0000;0.0000;0;;;;0.00;;13057;1,3;N
118156;20191017;398058;5202111;0919;20191015;14:01:04;168.41;;;140.0000;0.0000;0;;;;0.00;;54102;1,3;N
118156;20191017;398020;1414762;0919;20191015;14:05:35;1262.82;;;841.0000;0.0000;0;;;;0.00;;10603;1,3;N
118156;20191017;398037;1306014;0919;20191015;14:00:55;168.41;;;221.0000;0.0000;221;;;;0.00;;4419;1,3;N
118156;20191017;398025;1116351;0919;20191015;14:08:46;576.50;;;381.0000;0.0000;0;;;;0.00;;22720;1,3;N
118156;20191017;398013;0060193;0919;20191015;14:12:01;100.00;;;471.0000;0.0000;0;;;;0.00;;39867;1,3;N
118156;20191017;398032;1131761;0919;20191015;14:16:27;3500.00;;;0.0000;0.0000;0;;;;0.00;;36687;1,3;N
118156;20191017;398048;0014508;0919;20191015;08:00:22;58.21;;;142.2000;0.0000;0;;;;0.00;;13014;1,3;N
118156;20191017;398056;0518944;0919;20191015;08:00:37;532.78;;;439.0000;215.0000;0;;;;0.00;;24578;1,3;N
118156;20191017;398048;0014610;0919;20191015;08:02:54;200.16;;;0.0000;0.0000;0;;;;0.00;;13017;1,3;N
118156;20191017;398050;1407643;0919;20191015;08:06:00;97.14;;;158.0000;0.0000;0;;;;0.00;;20824;1,3;N
118156;20191017;398048;0014699;0919;20191015;08:09:14;517.40;;;390.0000;0.0000;0;;;;0.00;;13018;1,3;N
118156;20191017;398016;1125258;0919;20191015;08:08:55;500.00;;;0.0000;0.0000;0;;;;0.00;;34975;1,3;N
118156;20191017;398002;1202043;0919;20191015;08:05:11;37.89;;;5.0250;0.0000;0;;;;0.00;;9854;1,3;N
118156;20191017;398002;1405671;0919;20191015;08:09:37;70.43;;;574.5000;0.0000;0;;;;0.00;;8621;1,3;N
118156;20191017;398002;1401740;0919;20191015;08:06:02;145.09;;;1038.0000;0.0000;0;;;;0.00;;9858;1,3;N
118156;20191017;398020;1414935;0919;20191015;08:15:14;1019.97;;;470.0000;0.0000;0;;;;0.00;;10505;1,3;N
118156;20191017;398000;1402861;0919;20191015;08:09:21;265.55;;;260.0000;0.0000;0;;;;0.00;;1948;1,3;N
118156;20191017;398032;1201748;0919;20191015;08:19:05;216.98;;;748.0000;0.0000;0;;;;0.00;;36649;1,3;N
118156;20191017;398015;0520339;0919;20191015;08:24:02;153.12;ЧЕРНОВА ЛЮДМИЛА МИХАЙЛОВНА;;0.0000;0.0000;0;;;;0.00;;15722;1,3;N
118156;20191017;398048;0014543;0919;20191015;08:26:42;636.17;;;0.0000;0.0000;0;;;;0.00;;13026;1,3;N
118156;20191017;398001;5189914;0919;20191015;08:22:30;485.70;;;330.0000;0.0000;0;;;;0.00;;3833;1,3;N
118156;20191017;398002;1405421;0919;20191015;08:28:35;48.57;;;631.0000;0.0000;0;;;;0.00;;8625;1,3;N
118156;20191017;398005;4337123;0919;20191015;08:30:10;748.82;;;0.0000;0.0000;0;;;;0.00;;6459;1,3;N
118156;20191017;398043;1100620;0919;20191015;08:28:39;103.95;;;135.0000;0.0000;0;;;;0.00;;60483;1,3;N
118156;20191017;398037;1305995;0919;20191015;08:30:47;232.00;;;0.0000;0.0000;0;;;;0.00;;5800;1,3;N
118156;20191017;398020;0001247;0919;20191015;08:34:05;194.28;;;31.0000;0.0000;0;;;;0.00;;10509;1,3;N
118156;20191017;398046;9901415;0919;20191015;08:31:43;97.14;;;134.0000;0.0000;0;;;;0.00;;19741;1,3;N
118156;20191017;398020;0001233;0919;20191015;08:40:20;291.42;;;609.0000;0.0000;0;;;;0.00;;10515;1,3;N
118156;20191017;398058;4406179;0919;20191015;08:49:42;216.98;;;211.0000;0.0000;0;;;;0.00;;54046;1,3;N
118156;20191017;398005;4333531;0919;20191015;08:50:46;119.84;;;78.0000;0.0000;0;;;;0.00;;6145;1,3;N
118156;20191017;398035;5416097;0919;20191015;08:56:04;145.71;;;531.0000;0.0000;0;;;;0.00;;24168;1,3;N
118156;20191017;398024;1508992;0919;20191015;08:57:34;288.25;;;1566.0000;0.0000;0;;;;0.00;;0;1,3;N
118156;20191017;398008;1506809;0919;20191015;08:51:46;249.62;;;0.0000;0.0000;0;;;;0.00;;53354;1,3;N
118156;20191017;398048;0014413;0919;20191015;09:02:39;77.61;;;223.0000;0.0000;0;;;;0.00;;13034;1,3;N
118156;20191017;398024;1511043;0919;20191015;08:56:58;145.71;;;85.0000;0.0000;0;;;;0.00;;8969;1,3;N
118156;20191017;398015;0520343;0919;20191015;09:00:48;154.00;СЕМЕНКОВ ВЛАДИМИР АЛЕКСАНДРОВИЧ;;0.0000;0.0000;0;;;;0.00;;15723;1,3;N
118156;20191017;398000;1404166;0919;20191015;09:00:30;452.47;;;81.0000;0.0000;0;;;;0.00;;1966;1,3;N
118156;20191017;398048;0014411;0919;20191015;09:05:39;636.17;;;0.0000;0.0000;0;;;;0.00;;13038;1,3;N
118156;20191017;398006;9905449;0919;20191015;09:00:57;573.76;;;407.0000;0.0000;0;;;;0.00;;6637;1,3;N
118156;20191017;398013;0061078;0919;20191015;09:01:32;417.86;;;0.0000;0.0000;0;;;;0.00;;39652;1,3;N
118156;20191017;398029;0113556;0919;20191015;09:03:04;477.88;;;370.0000;260.0000;0;;;;0.00;;26872;1,3;N
118156;20191017;398029;0113409;0919;20191015;09:03:21;633.41;;;443.0000;317.0000;0;;;;0.00;;26873;1,3;N
118156;20191017;398056;0518896;0919;20191015;09:06:32;916.58;;;399.0000;412.0000;0;;;;0.00;;24582;1,3;N
118156;20191017;398056;0518842;0919;20191015;09:10:17;961.35;;;383.0000;340.0000;0;;;;0.00;;24586;1,3;N
118156;20191017;398056;0519309;0919;20191015;09:13:14;75.02;;;734.0000;214.0000;0;;;;0.00;;24589;1,3;N
118156;20191017;398013;0093986;0919;20191015;09:15:02;155.22;;;95.0000;0.0000;0;;;;0.00;;39656;1,3;N
118156;20191017;398908;0114467;0919;20191015;09:16:27;282.90;;;0.0000;0.0000;0;;;;0.00;;699;1,3;N
118156;20191017;398015;0520402;0919;20191015;09:14:58;129.35;БУТОВА Н Н;;188.0000;0.0000;0;;;;0.00;;15724;1,3;N
118156;20191017;398041;1125252;0919;20191015;09:17:04;1.00;;;1.2000;0.0000;0;;;;0.00;;51888;1,3;N
118156;20191017;398059;1604943;0919;20191015;09:18:55;216.98;;;454.0000;0.0000;0;;;;0.00;;10154;1,3;N
118156;20191017;398017;0014865;0919;20191015;09:16:37;530.79;;;0.0000;0.0000;0;;;;0.00;;42777;1,3;N
118156;20191017;398013;0061460;0919;20191015;09:18:27;129.35;;;158.0000;0.0000;0;;;;0.00;;39662;1,3;N
118156;20191017;398011;4220826;0919;20191015;09:18:01;456.66;;;463.0000;0.0000;0;;;;0.00;;9815;1,3;N
118156;20191017;398016;4814976;0919;20191015;09:21:14;437.13;;;585.0000;0.0000;0;;;;0.00;;4077;1,3;N
118156;20191017;398013;0061822;0919;20191015;09:20:26;1.00;;;33.0000;0.0000;0;;;;0.00;;39667;1,3;N
118156;20191017;398908;0116538;0919;20191015;09:19:35;142.54;;;0.0000;0.0000;0;;;;0.00;;702;1,3;N
118156;20191017;398016;1131041;0919;20191015;09:14:49;119.84;;;165.0000;0.0000;0;;;;0.00;;34992;1,3;N
118156;20191017;398016;1131047;0919;20191015;09:15:11;48.57;;;158.0000;0.0000;0;;;;0.00;;34993;1,3;N
118156;20191017;398016;1131043;0919;20191015;09:15:28;119.84;;;172.0000;0.0000;0;;;;0.00;;34994;1,3;N
118156;20191017;398029;0113649;0919;20191015;09:18:33;238.94;;;357.0000;240.0000;0;;;;0.00;;26879;1,3;N
118156;20191017;398035;5408153;0919;20191015;09:21:44;71.27;;;65.0000;0.0000;0;;;;0.00;;24179;1,3;N
118156;20191017;398035;5408152;0919;20191015;09:22:34;236.51;;;127.0000;0.0000;0;;;;0.00;;24180;1,3;N
118156;20191017;398013;0062082;0919;20191015;09:24:19;522.32;;;0.0000;0.0000;0;;;;0.00;;39670;1,3;N
118156;20191017;398046;0609171;0919;20191015;09:22:36;505.23;;;1457.0000;0.0000;0;;;;0.00;;19750;1,3;N
118156;20191017;398013;0060104;0919;20191015;09:26:25;129.35;;;510.0000;0.0000;0;;;;0.00;;39676;1,3;N
118156;20191017;398013;0060055;0919;20191015;09:28:09;165.34;;;0.0000;0.0000;0;;;;0.00;;39678;1,3;N
118156;20191017;398002;1401703;0919;20191015;09:24:01;505.23;;;1003.0000;0.0000;0;;;;0.00;;9870;1,3;N
118156;20191017;398016;1116064;0919;20191015;09:26:59;300.00;;;221.0000;0.0000;0;;;;0.00;;35007;1,3;N
118156;20191017;398032;1131623;0919;20191015;09:30:02;1.00;;;60.0000;0.0000;0;;;;0.00;;35695;1,3;N
118156;20191017;398046;0609210;0919;20191015;09:30:20;71.27;;;42.0000;0.0000;0;;;;0.00;;19752;1,3;N
118156;20191017;398007;0012804;0919;20191015;09:30:37;94.48;;;0.0000;0.0000;0;;;;0.00;;8207;1,3;N
118156;20191017;398013;0061868;0919;20191015;09:31:48;155.22;;;550.0000;0.0000;0;;;;0.00;;39683;1,3;N
118156;20191017;398013;0061642;0919;20191015;09:35:22;47.24;;;0.0000;0.0000;0;;;;0.00;;39691;1,3;N
118156;20191017;398908;0113279;0919;20191015;09:35:25;314.12;;;0.0000;0.0000;0;;;;0.00;;711;1,3;N
118156;20191017;398059;1105324;0919;20191015;09:36:47;419.61;;;0.0000;0.0000;0;;;;0.00;;10158;1,3;N
118156;20191017;398013;0060129;0919;20191015;09:38:40;33.72;;;0.0000;0.0000;0;;;;0.00;;39695;1,3;N
118156;20191017;398020;0001399;0919;20191015;09:40:58;635.00;;;0.0000;0.0000;0;;;;0.00;;10522;1,3;N
118156;20191017;398017;4333962;0919;20191015;09:41:56;881.10;;;389.3770;0.0000;0;;;;0.00;;42795;1,3;N
118156;20191017;398050;1415118;0919;20191015;09:42:23;265.55;;;230.0000;0.0000;0;;;;0.00;;20841;1,3;N
118156;20191017;398037;1316293;0919;20191015;09:41:40;145.71;;;812.0000;0.0000;0;;;;0.00;;5811;1,3;N
118156;20191017;398035;5409020;0919;20191015;09:42:53;71.27;;;69.0000;0.0000;0;;;;0.00;;24192;1,3;N
118156;20191017;398902;0400124;0919;20191015;09:42:14;489.14;;;413.5510;283.0470;0;;;;0.00;;1396;1,3;N
118156;20191017;398016;1130437;0919;20191015;09:43:44;641.03;;;0.0000;0.0000;0;;;;0.00;;35015;1,3;N
118156;20191017;398029;0021202;0919;20191015;09:43:48;232.83;;;0.0000;0.0000;0;;;;0.00;;26896;1,3;N
118156;20191017;398024;9938348;0919;20191015;09:46:59;97.14;;;35.0000;0.0000;0;;;;0.00;;8987;1,3;N
118156;20191017;398042;0720829;0919;20191015;09:45:17;1.00;;;190.0000;0.0000;0;;;;0.00;;62203;1,3;N
118156;20191017;398035;5411591;0919;20191015;09:47:51;97.14;;;423.0000;0.0000;0;;;;0.00;0001391201;873;1,3;N
118156;20191017;398013;0061488;0919;20191015;09:48:15;67.44;;;0.0000;0.0000;0;;;;0.00;;39701;1,3;N
118156;20191017;398007;0514844;0919;20191015;09:50:25;106.15;;;100.0950;25.1480;0;;;;0.00;;8211;1,3;N
118156;20191017;398029;0113603;0919;20191015;09:47:07;189.97;;;59.0000;59.0000;0;;;;0.00;;26902;1,3;N
118156;20191017;398000;4332303;0919;20191015;09:50:23;119.84;;;15.0000;0.0000;15;;;;0.00;;1977;1,3;N
118156;20191017;398041;4330866;0919;20191015;09:50:33;265.55;;;65.0000;0.0000;0;;;;0.00;;51903;1,3;N
118156;20191017;398035;5414248;0919;20191015;09:50:41;216.98;;;167.0000;0.0000;0;;;;0.00;;24203;1,3;N
118156;20191017;398041;4331491;0919;20191015;09:52:15;499.21;;;0.0000;0.0000;0;;;;0.00;;51905;1,3;N
118156;20191017;398013;0061878;0919;20191015;09:50:36;47.24;;;0.0000;0.0000;0;;;;0.00;;39706;1,3;N
118156;20191017;398029;0113771;0919;20191015;09:50:49;71.27;;;191.0000;0.0000;0;;;;0.00;;26904;1,3;N
118156;20191017;398002;1404326;0919;20191015;09:54:33;408.09;;;255.0000;0.0000;0;;;;0.00;;8639;1,3;N
118156;20191017;398054;1101432;0919;20191015;09:52:54;168.41;;;443.0000;0.0000;0;;;;0.00;;41148;1,3;N
118156;20191017;398001;5174639;0919;20191015;09:57:22;216.98;;;604.0000;0.0000;0;;;;0.00;;4549;1,3;N
118156;20191017;398002;1402258;0919;20191015;09:56:44;119.84;;;0.0000;0.0000;0;;;;0.00;;9878;1,3;N
118156;20191017;398017;4339767;0919;20191015;09:59:23;216.98;;;858.0000;0.0000;0;;;;0.00;;42801;1,3;N
118156;20191017;398007;0514813;0919;20191015;10:04:28;2692.83;;;0.0000;0.0000;0;;;;0.00;;8218;1,3;N
118156;20191017;398002;0000194;0919;20191015;10:05:56;101.16;;;0.0000;0.0000;0;;;;0.00;;8644;1,3;N
118156;20191017;398013;0061462;0919;20191015;10:06:37;417.86;;;0.0000;0.0000;0;;;;0.00;;39711;1,3;N
118156;20191017;398006;0060915;0919;20191015;10:05:36;417.86;;;0.0000;0.0000;0;;;;0.00;;4420;1,3;N
118156;20191017;398032;1131862;0919;20191015;10:07:48;249.62;;;0.0000;0.0000;0;;;;0.00;;35699;1,3;N
118156;20191017;398056;0519533;0919;20191015;10:08:51;1665.76;;;342.0000;354.0000;0;;;;0.00;;24599;1,3;N
118156;20191017;398908;0116521;0919;20191015;10:16:54;433.96;;;807.0000;0.0000;0;;;;0.00;;730;1,3;N
118156;20191017;398036;0952014;0919;20191015;10:14:05;411.26;;;1578.0000;0.0000;0;;;;0.00;;26719;1,3;N
118156;20191017;398020;0001220;0919;20191015;10:16:24;77.61;;;44.0000;0.0000;0;;;;0.00;;10536;1,3;N
118156;20191017;398007;0515831;0919;20191015;10:19:26;38.82;;;182.0000;217.0000;0;;;;0.00;;5343;1,3;N
118156;20191017;398016;9926453;0919;20191015;10:20:34;126.28;;;99.0000;0.0000;0;;;;0.00;;35024;1,3;N
118156;20191017;398002;1400792;0919;20191015;10:21:44;168.41;;;146.0000;0.0000;0;;;;0.00;;8649;1,3;N
118156;20191017;398024;1510247;0919;20191015;10:23:15;48.57;;;23.0000;0.0000;0;;;;0.00;;8851;1,3;N
118156;20191017;398050;1408626;0919;20191015;10:26:16;71.27;;;331.0000;0.0000;0;;;;0.00;0001183526;769;1,3;N
118156;20191017;398020;1413876;0919;20191015;10:27:34;194.28;;;27.0000;0.0000;0;;;;0.00;;10542;1,3;N
118156;20191017;398016;1130981;0919;20191015;10:27:55;168.41;;;174.0000;0.0000;0;;;;0.00;;4091;1,3;N
118156;20191017;398046;4414114;0919;20191015;10:30:39;216.98;;;728.0000;0.0000;0;;;;0.00;;33762;1,3;N
118156;20191017;398042;0715997;0919;20191015;10:29:58;38.22;;;169.0000;0.0000;0;;;;0.00;;62225;1,3;N
118156;20191017;398007;0514440;0919;20191015;10:32:47;262.13;;;122.0000;39.0000;0;;;;0.00;;8226;1,3;N
118156;20191017;398059;1604910;0919;20191015;10:35:42;145.71;;;215.0000;0.0000;0;;;;0.00;;10182;1,3;N
118156;20191017;398001;5186075;0919;20191015;10:32:36;45.40;;;167.0000;0.0000;0;;;;0.00;;2251;1,3;N
118156;20191017;398020;0001351;0919;20191015;10:36:31;155.22;;;1689.0000;0.0000;0;;;;0.00;;10545;1,3;N
118156;20191017;398032;1204594;0919;20191015;10:39:29;288.25;;;887.0000;0.0000;0;;;;0.00;;35707;1,3;N
118156;20191017;398029;0112798;0919;20191015;10:41:24;473.97;;;404.0000;432.0000;0;;;;0.00;;26911;1,3;N
118156;20191017;398043;1114059;0919;20191015;10:39:31;119.84;;;226.0000;0.0000;0;;;;0.00;;45604;1,3;N
118156;20191017;398041;4339413;0919;20191015;10:37:50;398.97;;;0.0000;0.0000;0;;;;0.00;;51918;1,3;N
118156;20191017;398013;0060119;0919;20191015;10:38:25;208.92;;;0.0000;0.0000;0;;;;0.00;;39717;1,3;N
118156;20191017;398032;1131915;0919;20191015;10:42:23;191.11;;;342.0000;0.0000;0;;;;0.00;;36663;1,3;N
118156;20191017;398050;1407463;0919;20191015;10:42:45;119.84;;;123.0000;0.0000;0;;;;0.00;;20857;1,3;N
118156;20191017;398029;0112760;0919;20191015;10:43:56;285.56;;;13.5000;11.2000;0;;;;0.00;;26916;1,3;N
118156;20191017;398000;1404107;0919;20191015;10:40:43;331.28;;;29.0000;0.0000;0;;;;0.00;;9111;1,3;N
118156;20191017;398041;4221316;0919;20191015;10:44:30;339.99;;;0.0000;0.0000;0;;;;0.00;;51924;1,3;N
118156;20191017;398054;1104678;0919;20191015;10:46:35;97.14;;;349.0000;0.0000;0;;;;0.00;;41157;1,3;N
118156;20191017;398029;0113460;0919;20191015;10:48:29;287.51;;;278.0000;234.0000;0;;;;0.00;;26928;1,3;N
118156;20191017;398054;1100917;0919;20191015;10:48:37;433.96;;;967.0000;0.0000;0;;;;0.00;;41161;1,3;N
118156;20191017;398007;0517417;0919;20191015;10:50:51;1000.00;;;325.0000;0.0000;0;;;;0.00;;5348;1,3;N
118156;20191017;398024;1514222;0919;20191015;10:49:45;216.98;;;231.0000;0.0000;0;;;;0.00;;8994;1,3;N
118156;20191017;398059;1606787;0919;20191015;10:49:52;288.25;;;0.0000;0.0000;0;;;;0.00;;10203;1,3;N
118156;20191017;398013;0061811;0919;20191015;10:48:52;25.87;;;0.0000;0.0000;0;;;;0.00;;39720;1,3;N
118156;20191017;398029;0113412;0919;20191015;10:50:12;212.68;;;483.0000;289.0000;0;;;;0.00;;26933;1,3;N
118156;20191017;398002;1400460;0919;20191015;10:52:29;233.14;;;492.0000;0.0000;0;;;;0.00;;9894;1,3;N
118156;20191017;398002;1409168;0919;20191015;10:52:18;119.84;;;165.0000;0.0000;0;;;;0.00;;8658;1,3;N
118156;20191017;398037;1303980;0919;20191015;10:50:03;385.39;;;195.0000;0.0000;195;;;;0.00;;4408;1,3;N
118156;20191017;398029;0112851;0919;20191015;10:54:03;216.98;;;90.0000;0.0000;0;;;;0.00;;26938;1,3;N
118156;20191017;398029;0113433;0919;20191015;10:55:54;1.00;;;47.0000;77.0000;0;;;;0.00;;26940;1,3;N
118156;20191017;398060;5202035;0919;20191015;10:58:27;310.95;;;1058.0000;0.0000;0;;;;0.00;;17878;1,3;N
118156;20191017;398024;1511094;0919;20191015;10:56:27;97.14;;;175.0000;0.0000;0;;;;0.00;;8998;1,3;N
118156;20191017;398054;1101088;0919;20191015;11:00:26;119.84;;;257.0000;0.0000;0;;;;0.00;;41165;1,3;N
118156;20191017;398041;5807629;0919;20191015;11:01:02;205.44;;;0.0000;0.0000;0;;;;0.00;;51932;1,3;N
118156;20191017;398013;0062245;0919;20191015;10:53:07;206.96;;;49.0000;0.0000;0;;;;0.00;;39725;1,3;N
118156;20191017;398041;5807520;0919;20191015;11:03:03;205.44;;;0.0000;0.0000;0;;;;0.00;;51936;1,3;N
118156;20191017;398016;1131146;0919;20191015;11:06:21;534.27;;;0.0000;0.0000;0;;;;0.00;;4100;1,3;N
118156;20191017;398013;0061613;0919;20191015;10:58:23;600.47;;;0.0000;0.0000;0;;;;0.00;;39729;1,3;N
118156;20191017;398005;4340091;0919;20191015;11:07:05;48.57;;;826.0000;0.0000;0;;;;0.00;;6162;1,3;N
118156;20191017;398002;1400495;0919;20191015;11:05:46;777.12;;;665.0000;0.0000;0;;;;0.00;;9902;1,3;N
118156;20191017;398013;0060013;0919;20191015;11:06:51;33.72;;;0.0000;0.0000;0;;;;0.00;;39734;1,3;N
118156;20191017;398005;4332578;0919;20191015;11:08:37;27.34;;;167.2060;0.0000;0;;;;0.00;;6483;1,3;N
118156;20191017;398058;5205568;0919;20191015;11:08:00;371.30;;;0.0000;0.0000;0;;;;0.00;;54058;1,3;N
118156;20191017;398058;5205561;0919;20191015;11:09:52;205.44;;;0.0000;0.0000;0;;;;0.00;;54063;1,3;N
118156;20191017;398005;4336650;0919;20191015;11:10:58;29.14;;;232.0000;0.0000;0;;;;0.00;;6164;1,3;N
118156;20191017;398017;4333661;0919;20191015;11:15:35;398.97;;;0.0000;0.0000;0;;;;0.00;;42820;1,3;N
118156;20191017;398043;1102415;0919;20191015;11:14:56;615.79;;;899.0000;0.0000;0;;;;0.00;;60509;1,3;N
118156;20191017;398005;4336599;0919;20191015;11:14:23;285.08;;;615.0000;0.0000;0;;;;0.00;;6175;1,3;N
118156;20191017;398000;1403774;0919;20191015;11:12:49;331.28;;;0.0000;0.0000;0;;;;0.00;;1986;1,3;N
118156;20191017;398013;0061056;0919;20191015;11:16:02;77.61;;;453.0000;0.0000;0;;;;0.00;;39743;1,3;N
118156;20191017;398024;1506770;0919;20191015;11:17:17;205.44;;;0.0000;0.0000;0;;;;0.00;;9225;1,3;N
118156;20191017;398020;0001297;0919;20191015;11:20:53;70.86;;;0.0000;0.0000;0;;;;0.00;;10550;1,3;N
118156;20191017;398054;1101466;0919;20191015;11:18:21;71.27;;;828.0000;0.0000;0;;;;0.00;;41177;1,3;N
118156;20191017;398025;0114272;0919;20191015;11:18:24;1.00;;;40.0000;0.0000;0;;;;0.00;;22690;1,3;N
118156;20191017;398032;1102783;0919;20191015;11:22:05;288.25;;;396.0000;0.0000;0;;;;0.00;;35712;1,3;N
118156;20191017;398054;1103826;0919;20191015;11:22:35;157.06;;;452.0000;0.0000;0;;;;0.00;;41184;1,3;N
118156;20191017;398020;0001262;0919;20191015;11:22:42;1008.31;;;0.0000;0.0000;0;;;;0.00;;10552;1,3;N
118156;20191017;398013;0061059;0919;20191015;11:23:35;104.46;;;0.0000;0.0000;0;;;;0.00;;39750;1,3;N
118156;20191017;398041;4336736;0919;20191015;11:25:55;239.68;;;113.0000;0.0000;0;;;;0.00;;51947;1,3;N
118156;20191017;398013;0060177;0919;20191015;11:27:39;522.32;;;0.0000;0.0000;0;;;;0.00;;39757;1,3;N
118156;20191017;398032;1110358;0919;20191015;11:27:02;560.34;;;1130.0000;0.0000;0;;;;0.00;;35723;1,3;N
118156;20191017;398013;0060174;0919;20191015;11:30:37;103.48;;;87.0000;0.0000;0;;;;0.00;;39760;1,3;N
118156;20191017;398000;1402672;0919;20191015;11:26:05;304.41;;;528.0000;0.0000;0;;;;0.00;;4343;1,3;N
118156;20191017;398011;4220197;0919;20191015;11:31:05;874.26;;;0.0000;0.0000;0;;;;0.00;;9840;1,3;N
118156;20191017;398024;1511861;0919;20191015;11:29:25;156.27;;;315.0000;0.0000;0;;;;0.00;;9232;1,3;N
118156;20191017;398035;5408153;0919;20191015;11:35:07;1.00;;;65.0000;0.0000;0;;;;0.00;;24231;1,3;N
118156;20191017;398046;0615538;0919;20191015;11:37:27;48.57;;;165.0000;0.0000;0;;;;0.00;;33777;1,3;N
118156;20191017;398005;4334702;0919;20191015;11:34:28;168.41;;;753.0000;0.0000;0;;;;0.00;;6488;1,3;N
118156;20191017;398024;5802290;0919;20191015;11:34:13;673.64;;;0.0000;0.0000;0;;;;0.00;;9008;1,3;N
118156;20191017;398058;5213839;0919;20191015;11:40:04;205.44;;;0.0000;0.0000;0;;;;0.00;;54070;1,3;N
118156;20191017;398013;0061588;0919;20191015;11:39:16;51.74;;;56.0000;0.0000;0;;;;0.00;;39766;1,3;N
118156;20191017;398013;0061594;0919;20191015;11:42:28;33.72;;;0.0000;0.0000;0;;;;0.00;;39769;1,3;N
118156;20191017;398011;4220239;0919;20191015;11:42:30;437.13;;;0.0000;0.0000;0;;;;0.00;;9845;1,3;N
118156;20191017;398024;1514368;0919;20191015;11:41:13;362.69;;;2416.0000;0.0000;0;;;;0.00;;8862;1,3;N
118156;20191017;398013;0061591;0919;20191015;11:44:56;77.61;;;107.0000;0.0000;0;;;;0.00;;39775;1,3;N
118156;20191017;398017;9924229;0919;20191015;11:47:00;745.00;;;0.0000;0.0000;0;;;;0.00;;42823;1,3;N
118156;20191017;398013;0061039;0919;20191015;11:48:10;104.46;;;0.0000;0.0000;0;;;;0.00;;39778;1,3;N
118156;20191017;398011;4220239;0919;20191015;11:48:00;1.00;;;90.0000;0.0000;0;;;;0.00;;9848;1,3;N
118156;20191017;398005;4341591;0919;20191015;11:48:14;531.10;;;1356.0000;0.0000;0;;;;0.00;;6198;1,3;N
118156;20191017;398050;4334512;0919;20191015;11:47:13;226.69;;;577.0000;0.0000;0;;;;0.00;;16657;1,3;N
118156;20191017;398001;5174727;0919;20191015;11:49:57;453.49;;;796.0000;0.0000;0;;;;0.00;;3871;1,3;N
118156;20191017;398525;1314737;0919;20191015;11:51:43;239.68;;;319.0000;0.0000;0;;;;0.00;;424;1,3;N
118156;20191017;398059;1607977;0919;20191015;11:52:21;359.52;;;1822.0000;0.0000;0;;;;0.00;;10215;1,3;N
118156;20191017;398056;0518897;0919;20191015;11:56:16;471.95;;;463.0000;223.0000;0;;;;0.00;;24612;1,3;N
118156;20191017;398054;1103808;0919;20191015;11:52:39;145.71;;;128.0000;0.0000;0;;;;0.00;;41198;1,3;N
118156;20191017;398020;1406551;0919;20191015;11:55:09;136.00;;;155.0000;0.0000;0;;;;0.00;;10565;1,3;N
118156;20191017;398024;1511217;0919;20191015;11:57:33;291.42;;;614.0000;0.0000;0;;;;0.00;;9239;1,3;N
118156;20191017;398013;0061967;0919;20191015;11:58:20;33.72;;;0.0000;0.0000;0;;;;0.00;;39781;1,3;N
118156;20191017;398001;5185679;0919;20191015;12:01:53;411.26;;;440.0000;0.0000;0;;;;0.00;;3877;1,3;N
118156;20191017;398059;1607867;0919;20191015;12:02:24;290.58;;;89.0000;0.0000;0;;;;0.00;;10219;1,3;N
118156;20191017;398002;1400905;0919;20191015;12:02:47;168.41;;;457.0000;0.0000;0;;;;0.00;;9916;1,3;N
118156;20191017;398013;0060056;0919;20191015;12:08:30;23.62;;;0.0000;0.0000;0;;;;0.00;;39789;1,3;N
118156;20191017;398035;5412105;0919;20191015;12:08:51;527.93;;;597.0000;0.0000;0;;;;0.00;;24249;1,3;N
118156;20191017;398006;0305211;0919;20191015;12:10:59;45.38;;;133.0000;0.0000;0;;;;0.00;;6663;1,3;N
118156;20191017;398007;1408175;0919;20191015;12:10:39;504.16;;;0.0000;0.0000;0;;;;0.00;;5362;1,3;N
118156;20191017;398013;0061108;0919;20191015;12:12:02;208.92;;;0.0000;0.0000;0;;;;0.00;;39792;1,3;N
118156;20191017;398005;4330646;0919;20191015;12:12:39;71.27;;;495.0000;0.0000;0;;;;0.00;;6506;1,3;N
118156;20191017;398013;0061542;0919;20191015;12:14:30;182.00;;;1477.0000;0.0000;0;;;;0.00;;39797;1,3;N
118156;20191017;398041;4336452;0919;20191015;12:17:43;119.84;;;749.0000;0.0000;0;;;;0.00;;51965;1,3;N
118156;20191017;398041;4336589;0919;20191015;12:18:18;314.12;;;279.0000;0.0000;0;;;;0.00;;51969;1,3;N
118156;20191017;398059;1611129;0919;20191015;12:18:24;291.42;;;348.0000;0.0000;0;;;;0.00;;10223;1,3;N
118156;20191017;398054;1105172;0919;20191015;12:21:16;216.98;;;223.0000;0.0000;0;;;;0.00;;41210;1,3;N
118156;20191017;398046;0007507;0919;20191015;12:26:56;400.31;;;0.0000;0.0000;0;;;;0.00;;45690;1,3;N
118156;20191017;398035;0720837;0919;20191015;12:27:22;239.68;;;121.0000;0.0000;0;;;;0.00;;24256;1,3;N
118156;20191017;398017;1404125;0919;20191015;12:27:41;864.75;;;1096.0000;0.0000;0;;;;0.00;;42835;1,3;N
118156;20191017;398016;1130885;0919;20191015;12:27:56;469.05;;;0.0000;0.0000;0;;;;0.00;;35046;1,3;N
118156;20191017;398032;1125239;0919;20191015;12:29:57;168.41;;;577.0000;0.0000;0;;;;0.00;;35733;1,3;N
118156;20191017;398013;0061118;0919;20191015;12:30:02;77.61;;;698.0000;0.0000;0;;;;0.00;;39802;1,3;N
118156;20191017;398013;0061589;0919;20191015;12:34:13;104.46;;;0.0000;0.0000;0;;;;0.00;;39807;1,3;N
118156;20191017;398013;0061593;0919;20191015;12:36:21;33.72;;;0.0000;0.0000;0;;;;0.00;;39812;1,3;N
118156;20191017;398046;0007504;0919;20191015;12:35:35;51.74;;;126.0000;0.0000;0;;;;0.00;;45694;1,3;N
118156;20191017;398005;4336806;0919;20191015;12:36:24;222.82;;;567.0000;0.0000;0;;;;0.00;;6214;1,3;N
118156;20191017;398001;5191187;0919;20191015;12:37:25;200.00;;;198.0000;0.0000;0;;;;0.00;;3885;1,3;N
118156;20191017;398002;1400705;0919;20191015;12:37:50;216.98;;;493.0000;0.0000;0;;;;0.00;;8684;1,3;N
118156;20191017;398005;9926301;0919;20191015;12:37:06;288.25;;;655.0000;0.0000;0;;;;0.00;;6513;1,3;N
118156;20191017;398016;0010619;0919;20191015;12:39:11;267.53;;;0.0000;0.0000;0;;;;0.00;;4111;1,3;N
118156;20191017;398013;0061438;0919;20191015;12:40:12;1.00;;;19.0000;0.0000;0;;;;0.00;;39816;1,3;N
118156;20191017;398020;0000875;0919;20191015;12:43:37;310.44;;;549.0000;0.0000;0;;;;0.00;;10572;1,3;N
118156;20191017;398020;1406906;0919;20191015;12:44:07;242.85;;;803.0000;0.0000;0;;;;0.00;;10575;1,3;N
118156;20191017;398020;0003867;0919;20191015;12:46:54;25.87;;;168.0000;0.0000;0;;;;0.00;;10579;1,3;N
118156;20191017;398024;1513861;0919;20191015;12:48:53;71.27;;;777.0000;0.0000;0;;;;0.00;;9250;1,3;N
118156;20191017;398035;5408952;0919;20191015;12:47:56;71.27;;;139.0000;0.0000;0;;;;0.00;;24262;1,3;N
118156;20191017;398059;5192393;0919;20191015;12:49:36;467.25;;;1236.0000;0.0000;0;;;;0.00;;10232;1,3;N
118156;20191017;398005;4338728;0919;20191015;12:51:52;239.68;;;503.0000;0.0000;0;;;;0.00;;6517;1,3;N
118156;20191017;398006;0305127;0919;20191015;12:51:54;168.41;;;171.0000;0.0000;0;;;;0.00;;6672;1,3;N
118156;20191017;398016;1117007;0919;20191015;12:56:11;191.11;;;786.0000;0.0000;0;;;;0.00;;35064;1,3;N
118156;20191017;398005;5807536;0919;20191015;12:59:18;205.44;;;0.0000;0.0000;0;;;;0.00;0001390398;904;1,3;N
118156;20191017;398005;5807626;0919;20191015;13:01:11;205.44;;;0.0000;0.0000;0;;;;0.00;0001390398;905;1,3;N
118156;20191017;398002;1400661;0919;20191015;13:00:31;191.11;;;475.0000;0.0000;0;;;;0.00;;9918;1,3;N
118156;20191017;398000;5412966;0919;20191015;13:02:59;230.60;;;609.0000;0.0000;0;;;;0.00;;2004;1,3;N
118156;20191017;398024;5182750;0919;20191015;13:03:10;398.97;;;0.0000;0.0000;0;;;;0.00;;8871;1,3;N
118156;20191017;398013;0061844;0919;20191015;13:06:38;206.96;;;485.0000;0.0000;0;;;;0.00;;39819;1,3;N
118156;20191017;398001;5174802;0919;20191015;13:06:00;234.33;;;1844.0000;0.0000;0;;;;0.00;;4579;1,3;N
118156;20191017;398037;1315409;0919;20191015;13:13:05;398.97;;;0.0000;0.0000;0;;;;0.00;;5820;1,3;N
118156;20191017;398016;1117678;0919;20191015;13:13:58;398.97;;;0.0000;0.0000;0;;;;0.00;;35072;1,3;N
118156;20191017;398000;1406101;0919;20191015;13:18:30;239.88;;;129.0000;0.0000;0;;;;0.00;;9156;1,3;N
118156;20191017;398002;1401970;0919;20191015;13:25:29;504.16;;;0.0000;0.0000;0;;;;0.00;0001132340;44;1,3;N
118156;20191017;398013;0061516;0919;20191015;13:24:15;194.03;;;1082.9300;0.0000;0;;;;0.00;;39824;1,3;N
118156;20191017;398013;0061455;0919;20191015;13:27:05;51.74;;;221.0000;0.0000;0;;;;0.00;;39829;1,3;N
118156;20191017;398056;0519137;0919;20191015;13:27:34;468.50;;;355.0000;268.0000;0;;;;0.00;;24617;1,3;N
118156;20191017;398050;1407529;0919;20191015;13:28:42;169.58;;;783.0000;0.0000;0;;;;0.00;;20872;1,3;N
118156;20191017;398056;0518748;0919;20191015;13:31:14;215.35;;;449.0000;569.0000;0;;;;0.00;;24622;1,3;N
118156;20191017;398041;4330871;0919;20191015;13:30:57;207.27;;;424.0000;0.0000;0;;;;0.00;;51985;1,3;N
118156;20191017;398013;0094678;0919;20191015;13:33:15;155.22;;;533.0000;0.0000;0;;;;0.00;;39836;1,3;N
118156;20191017;398016;1130655;0919;20191015;13:31:58;1.00;;;14.0000;0.0000;0;;;;0.00;;37211;1,3;N
118156;20191017;398020;0004674;0919;20191015;13:35:26;94.48;;;0.0000;0.0000;0;;;;0.00;;10587;1,3;N
118156;20191017;398043;1113467;0919;20191015;13:36:12;527.93;;;386.0000;0.0000;0;;;;0.00;;45626;1,3;N
118156;20191017;398056;0518967;0919;20191015;13:34:29;274.18;;;365.0000;296.0000;0;;;;0.00;;24628;1,3;N
118156;20191017;398046;5805954;0919;20191015;13:34:24;168.41;;;332.0000;0.0000;0;;;;0.00;;19786;1,3;N
118156;20191017;398016;1117062;0919;20191015;13:36:59;314.12;;;462.0000;0.0000;0;;;;0.00;;35082;1,3;N
118156;20191017;398013;0060206;0919;20191015;13:42:40;313.40;;;0.0000;0.0000;0;;;;0.00;;39839;1,3;N
118156;20191017;398016;1121735;0919;20191015;13:45:16;97.14;;;157.0000;0.0000;0;;;;0.00;;35086;1,3;N
118156;20191017;398059;1606787;0919;20191015;13:47:11;1.00;;;269.0000;0.0000;0;;;;0.00;;10242;1,3;N
118156;20191017;398016;1117359;0919;20191015;13:46:39;213.81;;;27.0000;0.0000;0;;;;0.00;;4125;1,3;N
118156;20191017;398013;0094081;0919;20191015;13:49:53;284.57;;;507.0000;0.0000;0;;;;0.00;;39845;1,3;N
118156;20191017;398001;5185969;0919;20191015;13:48:17;119.84;;;154.0000;0.0000;0;;;;0.00;;4592;1,3;N
118156;20191017;398016;0090882;0919;20191015;13:54:24;313.40;;;0.0000;0.0000;0;;;;0.00;;37216;1,3;N
118156;20191017;398013;0060196;0919;20191015;13:57:17;77.61;;;138.0000;0.0000;0;;;;0.00;;39851;1,3;N
118156;20191017;398001;5184297;0919;20191015;13:59:35;1.00;;;91.0000;0.0000;0;;;;0.00;;2299;1,3;N
118156;20191017;398020;0001400;0919;20191015;14:02:43;67.44;;;0.0000;0.0000;0;;;;0.00;;10601;1,3;N
118156;20191017;398013;0061566;0919;20191015;14:03:34;531.17;;;0.0000;0.0000;0;;;;0.00;;39858;1,3;N
118156;20191017;398029;0113657;0919;20191015;14:03:17;238.94;;;2340.0000;126.0000;0;;;;0.00;;26964;1,3;N
118156;20191017;398000;1415013;0919;20191015;14:03:42;48.57;;;137.0000;0.0000;0;;;;0.00;;9164;1,3;N
118156;20191017;398029;0113388;0919;20191015;14:05:58;396.48;;;480.0000;200.0000;0;;;;0.00;;26973;1,3;N
118156;20191017;398024;1509713;0919;20191015;14:06:52;433.96;;;1116.0000;0.0000;0;;;;0.00;;8889;1,3;N
118156;20191017;398013;0060086;0919;20191015;14:07:29;318.09;;;0.0000;0.0000;0;;;;0.00;;39862;1,3;N
118156;20191017;398029;0113584;0919;20191015;14:09:19;238.94;;;166.0000;70.0000;0;;;;0.00;;26979;1,3;N
118156;20191017;398002;1401860;0919;20191015;14:16:27;174.25;;;60.0000;0.0000;0;;;;0.00;;8702;1,3;N
118156;20191017;398054;1104712;0919;20191015;14:20:48;48.57;;;235.0000;0.0000;0;;;;0.00;;41223;1,3;N
118156;20191017;398001;5185658;0919;20191015;14:23:57;1.00;;;175.0000;0.0000;0;;;;0.00;;3903;1,3;N
118156;20191017;398020;1411453;0919;20191015;14:22:16;142.54;;;103.0000;0.0000;0;;;;0.00;;10618;1,3;N
118156;20191017;398020;1410591;0919;20191015;14:32:42;97.14;;;1332.5700;0.0000;0;;;;0.00;;10626;1,3;N
118156;20191017;398005;4330283;0919;20191015;14:30:38;1699.95;;;2384.0000;0.0000;0;;;;0.00;;6559;1,3;N
118156;20191017;398001;5185919;0919;20191015;14:33:09;145.71;;;487.0000;0.0000;0;;;;0.00;;3906;1,3;N
118156;20191017;398059;1604587;0919;20191015;14:35:04;398.97;;;0.0000;0.0000;0;;;;0.00;;10263;1,3;N
118156;20191017;398046;0615872;0919;20191015;14:37:19;314.12;;;913.0000;0.0000;0;;;;0.00;;19800;1,3;N
118156;20191017;398013;0060139;0919;20191015;14:38:34;104.46;;;0.0000;0.0000;0;;;;0.00;;39873;1,3;N
118156;20191017;398013;0061974;0919;20191015;14:40:08;94.48;;;0.0000;0.0000;0;;;;0.00;;39875;1,3;N
118156;20191017;398048;0014463;0919;20191015;14:42:05;1113.09;;;0.0000;0.0000;0;;;;0.00;;13064;1,3;N
118156;20191017;398054;1101308;0919;20191015;14:43:00;50.00;;;417.0000;0.0000;0;;;;0.00;;41229;1,3;N
118156;20191017;398016;1122794;0919;20191015;14:48:18;359.52;;;903.0000;0.0000;0;;;;0.00;;37228;1,3;N
118156;20191017;398002;1403016;0919;20191015;14:48:25;231.29;;;72.2560;0.0000;0;;;;0.00;;9933;1,3;N
118156;20191017;398032;1202057;0919;20191015;14:50:26;369.41;;;0.0000;0.0000;0;;;;0.00;;35754;1,3;N
118156;20191017;398029;0112771;0919;20191015;14:52:26;380.74;;;380.0000;219.0000;0;;;;0.00;;26993;1,3;N
118156;20191017;398001;5185576;0919;20191015;14:54:57;119.84;;;726.0000;0.0000;0;;;;0.00;;3914;1,3;N
118156;20191017;398050;0004463;0919;20191015;14:54:40;278.27;;;0.0000;0.0000;0;;;;0.00;;16680;1,3;N
118156;20191017;398001;5188498;0919;20191015;14:58:12;409.39;;;1957.0000;0.0000;0;;;;0.00;;4614;1,3;N
118156;20191017;398020;0004661;0919;20191015;15:00:25;305.70;;;0.0000;0.0000;0;;;;0.00;;10639;1,3;N
118156;20191017;398054;1105101;0919;20191015;15:00:11;97.14;;;163.0000;0.0000;0;;;;0.00;;41248;1,3;N
118156;20191017;398024;1509463;0919;20191015;15:03:47;362.69;;;108.0000;0.0000;0;;;;0.00;;9265;1,3;N
118156;20191017;398011;4220725;0919;20191015;15:05:13;194.28;;;294.0000;0.0000;0;;;;0.00;;9858;1,3;N
118156;20191017;398043;5184723;0919;20191015;15:12:43;495.84;;;1192.0000;0.0000;0;;;;0.00;;45640;1,3;N
118156;20191017;398055;4808402;0919;20191015;15:09:59;368.53;;;1119.0000;0.0000;0;;;;0.00;;22810;1,3;N
118156;20191017;398005;4334656;0919;20191015;15:19:42;191.11;;;323.0000;0.0000;0;;;;0.00;;6573;1,3;N
118156;20191017;398055;1130138;0919;20191015;15:21:34;797.94;;;0.0000;0.0000;0;;;;0.00;;22817;1,3;N
118156;20191017;398005;4330316;0919;20191015;15:19:48;508.40;;;50.0000;0.0000;0;;;;0.00;;6244;1,3;N
118156;20191017;398054;1104718;0919;20191015;15:20:06;71.27;;;262.0000;0.0000;0;;;;0.00;;41259;1,3;N
118156;20191017;398008;9917442;0919;20191015;15:21:57;205.44;;;0.0000;0.0000;0;;;;0.00;;53412;1,3;N
118156;20191017;398000;1406158;0919;20191015;15:21:43;482.53;;;54.0000;0.0000;0;;;;0.00;;2036;1,3;N
118156;20191017;398060;5203466;0919;20191015;15:26:29;425.62;;;400.0000;0.0000;0;;;;0.00;;17886;1,3;N
118156;20191017;398037;1317251;0919;20191015;15:25:17;191.11;;;0.0000;0.0000;0;;;;0.00;;4433;1,3;N
118156;20191017;398013;0061572;0919;20191015;15:29:33;104.46;;;0.0000;0.0000;0;;;;0.00;;39886;1,3;N
118156;20191017;398042;0719120;0919;20191015;15:34:09;398.97;;;0.0000;0.0000;0;;;;0.00;;62294;1,3;N
118156;20191017;398013;0094112;0919;20191015;15:37:54;104.46;;;0.0000;0.0000;0;;;;0.00;;39899;1,3;N
118156;20191017;398013;5189620;0919;20191015;15:39:04;168.41;;;0.0000;0.0000;0;;;;0.00;;39907;1,3;N
118156;20191017;398011;4221267;0919;20191015;15:37:09;1084.90;;;692.0000;0.0000;0;;;;0.00;;9865;1,3;N
118156;20191017;398070;4812776;0919;20191015;15:44:44;486.85;;;0.0000;0.0000;0;;;;0.00;;4421;1,3;N
118156;20191017;398908;0116327;0919;20191015;15:43:28;97.14;;;758.0000;0.0000;0;;;;0.00;;779;1,3;N
118156;20191017;398020;1412119;0919;20191015;15:46:15;437.13;;;284.0000;0.0000;0;;;;0.00;;10652;1,3;N
118156;20191017;398041;4337205;0919;20191015;15:52:28;249.62;;;0.0000;0.0000;0;;;;0.00;;52013;1,3;N
118156;20191017;398035;0725933;0919;20191015;15:54:07;38.86;;;446.0000;0.0000;0;;;;0.00;;24304;1,3;N
118156;20191017;398041;0002825;0919;20191015;15:55:46;200.16;;;0.0000;0.0000;0;;;;0.00;;52016;1,3;N
118156;20191017;398020;0001431;0919;20191015;15:58:20;48.57;;;354.0000;0.0000;0;;;;0.00;;10657;1,3;N
118156;20191017;398041;4341719;0919;20191015;16:01:49;1000.00;;;0.0000;0.0000;0;;;;0.00;;52021;1,3;N
118156;20191017;398050;1408442;0919;20191015;16:03:15;216.98;;;370.0000;0.0000;0;;;;0.00;;20898;1,3;N
118156;20191017;398002;1400399;0919;20191015;16:12:45;1068.56;;;0.0000;0.0000;0;;;;0.00;;9957;1,3;N
118156;20191017;398016;1117375;0919;20191015;16:12:51;216.98;;;310.0000;0.0000;0;;;;0.00;;37253;1,3;N
118156;20191017;398024;1608070;0919;20191015;16:13:52;602.37;;;0.0000;0.0000;0;;;;0.00;;9280;1,3;N
118156;20191017;398008;1506806;0919;20191015;16:25:29;249.62;;;0.0000;0.0000;0;;;;0.00;;53418;1,3;N
118156;20191017;398013;0094973;0919;20191015;16:26:58;155.22;;;219.0000;0.0000;0;;;;0.00;;39918;1,3;N
118156;20191017;398041;0060317;0919;20191015;16:31:08;33.72;;;0.0000;0.0000;0;;;;0.00;;52035;1,3;N
118156;20191017;398041;0060315;0919;20191015;16:31:20;200.16;;;0.0000;0.0000;0;;;;0.00;;52036;1,3;N
118156;20191017;398024;1513972;0919;20191015;16:28:34;388.56;;;62.0000;0.0000;0;;;;0.00;;9057;1,3;N
118156;20191017;398008;1506998;0919;20191015;16:30:30;398.97;;;0.0000;0.0000;0;;;;0.00;;53426;1,3;N
118156;20191017;398042;0719062;0919;20191015;16:34:54;625.07;;;2639.0000;0.0000;0;;;;0.00;;62305;1,3;N
118156;20191017;398041;9927809;0919;20191015;16:34:46;762.47;;;45.0000;0.0000;0;;;;0.00;;52038;1,3;N
118156;20191017;398042;0721015;0919;20191015;16:40:35;391.73;;;415.0000;0.0000;415;;;;0.00;;62307;1,3;N
118156;20191017;398020;1414700;0919;20191015;16:40:22;145.71;;;0.0000;0.0000;0;;;;0.00;;10674;1,3;N
118156;20191017;398013;0060489;0919;20191015;16:41:31;170.74;;;728.0000;0.0000;0;;;;0.00;;39926;1,3;N
118156;20191017;398035;5408853;0919;20191015;16:42:37;71.27;;;142.0000;0.0000;0;;;;0.00;;24321;1,3;N
118156;20191017;398058;5205760;0919;20191015;16:43:24;72.86;;;248.0000;0.0000;0;;;;0.00;;25359;1,3;N
118156;20191017;398016;1117307;0919;20191015;16:42:50;48.66;;;392.0000;0.0000;0;;;;0.00;;4145;1,3;N
118156;20191017;398054;1101552;0919;20191015;16:42:20;145.71;;;486.0000;0.0000;0;;;;0.00;;41277;1,3;N
118156;20191017;398005;4338942;0919;20191015;16:51:14;314.12;;;0.0000;0.0000;0;;;;0.00;;6589;1,3;N
118156;20191017;398013;0094588;0919;20191015;16:52:31;10.00;;;150.0000;0.0000;0;;;;0.00;;39932;1,3;N
118156;20191017;398020;9923869;0919;20191015;16:56:54;1146.35;;;226.0000;0.0000;0;;;;0.00;;1667;1,3;N
118156;20191017;398035;0723744;0919;20191015;17:09:15;3500.00;;;516.0000;0.0000;0;;;;0.00;;24327;1,3;N
118156;20191017;398041;0003054;0919;20191015;17:16:20;51.74;;;52.0000;0.0000;102;;;;0.00;;52056;1,3;N
118156;20191017;398058;5203433;0919;20191015;17:20:46;216.98;;;497.0000;0.0000;0;;;;0.00;;25370;1,3;N
118156;20191017;398016;1130278;0919;20191015;17:20:24;641.58;;;0.0000;0.0000;0;;;;0.00;;37270;1,3;N
118156;20191017;398020;0001355;0919;20191015;17:26:43;1200.00;;;0.0000;0.0000;0;;;;0.00;;10684;1,3;N
118156;20191017;398016;1130588;0919;20191015;17:27:34;71.27;;;701.0000;0.0000;0;;;;0.00;;4155;1,3;N
118156;20191017;398008;1506606;0919;20191015;17:29:19;1248.03;;;0.0000;0.0000;0;;;;0.00;;53439;1,3;N
118156;20191017;398046;0609306;0919;20191015;17:35:32;71.27;;;0.0000;0.0000;0;;;;0.00;;45732;1,3;N
118156;20191017;398036;4413331;0919;20191015;17:43:05;314.12;;;370.0000;0.0000;0;;;;0.00;;7886;1,3;N
118156;20191017;398908;0115094;0919;20191015;17:50:24;433.96;;;1251.0000;0.0000;0;;;;0.00;;799;1,3;N
118156;20191017;398000;1415455;0919;20191015;17:49:20;210.64;;;1426.0000;0.0000;0;;;;0.00;;9221;1,3;N
118156;20191017;398059;1607280;0919;20191015;18:00:41;573.33;;;1569.0000;0.0000;0;;;;0.00;;10315;1,3;N
118156;20191017;398002;1129005;0919;20191015;18:11:39;709.53;;;1388.0000;0.0000;0;;;;0.00;;9983;1,3;N
118156;20191017;398027;9944036;0919;20191015;18:21:17;631.41;;;8.0000;0.0000;0;;;;0.00;;6334;1,3;N
118156;20191017;398001;5190009;0919;20191015;18:31:23;71.27;;;847.0000;0.0000;0;;;;0.00;;4652;1,3;N
118156;20191017;398002;1119610;0919;20191015;18:52:23;71.27;;;961.0000;0.0000;0;;;;0.00;;9987;1,3;N
118156;20191017;398001;5183819;0919;20191015;18:55:03;87.43;;;392.0000;0.0000;0;;;;0.00;;3943;1,3;N
118156;20191017;398001;5183070;0919;20191015;18:55:33;119.84;;;346.0000;0.0000;0;;;;0.00;;3945;1,3;N
118156;20191017;398043;1101087;0919;20191015;19:02:38;145.71;;;695.0000;0.0000;0;;;;0.00;;60590;1,3;N
118156;20191017;398000;1410190;0919;20191015;19:11:26;760.66;;;0.0000;0.0000;0;;;;0.00;;9248;1,3;N
118156;20191017;398000;1404065;0919;20191015;19:18:05;504.16;;;0.0000;0.0000;0;;;;0.00;;9256;1,3;N
118156;20191017;398059;1607999;0919;20191015;19:38:06;2000.00;;;490.0000;0.0000;0;;;;0.00;;10326;1,3;N
118156;20191017;398006;0061785;0919;20191015;19:50:05;47.24;;;0.0000;0.0000;0;;;;0.00;;4504;1,3;N
122906 bytes written to file 'IM_.dbf'.
